21 46277
22
20
26
80
29
46
134
99
11
40
60
215
91
198
85
132
19
99
125
57
53
11 24487
20
22
53
112
62
46
254
331
54
60
36
41 60708
13
167
75
181
76
91
124
14
30
66
47
80
93
27
104
103
101
25
195
135
39
69
137
64
21
176
219
65
297
185
154
150
143
10
28
360
97
11
75
672
27
12 58598
204
13
12
28
50
13
148
17
67
22
79
23
20 85632
214
34
78
31
306
130
42
281
379
327
13
99
22
185
64
114
86
18
151
83
37 88069
141
19
23
154
31
100
137
23
61
11
122
39
24
30
29
15
60
49
12
71
14
38
63
33
62
92
156
31
142
43
46
103
78
22
14
24
14
26 78130
25
250
56
172
48
39
14
22
32
10
264
91
184
58
196
16
63
62
51
140
61
36
93
360
159
152
45 127429
115
212
22
235
93
12
217
14
100
274
14
40
18
246
55
29
22
125
301
64
318
40
64
240
483
30
31
58
17
157
140
29
274
53
13
32
26
21
39
127
15
15
82
25
20
6 33374
120
180
244
99
178
179
11 31113
32
14
255
26
588
86
131
13
44
20
33
5 21374
25
67
42
209
163
14 43799
410
60
66
137
68
65
55
43
30
66
153
44
86
47
0 31318
11 40774
79
96
117
57
274
840
25
126
14
35
215
29 49227
51
140
237
39
222
126
184
36
140
42
72
155
149
13
28
49
124
156
148
66
60
131
162
111
40
23
32
136
53
16 47748
14
10
117
29
67
99
41
573
223
212
289
35
446
67
107
97
47 98396
311
20
128
312
146
59
311
664
24
491
43
26
287
36
48
17
87
23
265
69
132
147
16
228
20
58
39
331
98
27
82
400
149
28
16
159
37
42
75
53
10
37
134
184
20
157
19
32 72475
89
53
135
163
164
153
23
50
135
58
21
215
73
60
169
98
99
166
131
62
41
101
104
22
38
131
68
28
28
39
130
42
38 62604
45
59
176
130
29
51
296
187
61
376
104
32
178
54
257
57
221
143
80
155
62
281
121
49
99
114
54
126
21
70
108
45
30
124
24
26
14
88
20 50150
49
43
177
71
306
68
47
60
31
111
275
140
59
55
31
712
49
255
36
42
10 28870
19
125
14
57
90
118
157
35
18
11
23 34022
185
149
42
129
401
734
98
199
218
269
391
39
99
345
100
81
67
108
206
52
18
68
46
15 50761
13
240
1219
11
115
22
70
41
162
453
103
163
100
137
143
10 36361
31
79
24
24
14
370
157
144
52
10
19 71871
54
58
31
52
35
178
90
102
46
35
57
179
97
12
113
12
52
86
56
12 55254
178
35
120
83
24
70
43
334
171
148
27
27
6 42739
34
202
141
60
121
11
16 45485
40
17
16
251
258
30
90
114
32
93
13
35
69
64
120
55
8 30534
102
301
137
57
271
14
37
74
18 53717
103
34
98
121
152
169
32
46
46
145
18
113
50
48
73
72
368
122
10 42097
62
14
19
25
95
31
64
44
139
18
19 43351
49
110
110
16
10
124
55
121
120
36
88
121
203
532
133
35
321
41
26
10 51893
53
790
665
149
478
164
397
42
111
21
3 17331
324
203
167
5 27358
43
74
72
39
60
9 26470
27
377
73
110
130
78
18
259
32
13 41425
49
23
246
78
89
55
138
158
19
49
212
75
80
10 47612
39
176
101
22
16
240
122
131
101
97
12 56465
28
205
52
34
19
113
49
395
78
28
49
106
3 28759
118
46
13
15 63503
97
68
38
21
53
40
22
45
111
89
10
11
210
34
370
1 19791
29
22 43129
275
55
185
188
108
194
203
283
168
113
203
147
128
50
121
47
116
45
104
44
18
64
12 58996
19
11
142
14
192
136
28
24
42
59
84
16
31 61514
33
229
41
23
326
22
94
320
105
121
119
115
105
34
35
76
247
45
31
50
123
10
34
221
143
15
106
22
429
83
98
10 90693
116
116
216
68
176
212
123
72
43
37
32 62645
33
17
292
34
14
14
127
23
145
86
44
182
68
57
171
122
188
77
213
122
81
13
161
121
77
66
145
41
415
16
61
57
12 40979
10
179
99
388
122
111
30
345
81
36
96
54
9 28937
239
146
67
95
41
18
169
72
120
18 55624
105
262
67
236
140
209
227
115
27
27
90
33
165
669
121
39
19
60
4 37507
72
45
91
14
6 58479
78
91
119
89
77
57
1 13639
170
18 35740
118
12
135
136
29
192
16
276
64
611
149
455
148
355
13
62
509
85
9 41319
33
290
329
286
56
580
111
54
83
23 37515
30
35
286
238
38
135
47
98
29
10
37
741
91
302
114
189
107
20
72
43
154
147
22
22 41419
25
181
153
44
14
106
53
116
56
14
39
31
118
162
169
150
143
224
72
44
45
41
10 35995
77
65
318
208
58
67
35
37
55
57
30 69858
119
55
18
14
44
93
44
19
165
214
26
621
151
142
57
389
45
25
22
49
57
240
36
25
70
138
102
15
34
45
8 50017
290
82
53
202
307
19
258
23
24 56393
27
125
86
89
28
36
55
85
71
128
20
221
23
344
244
66
45
33
20
23
31
61
94
17
15 32215
12
74
48
205
147
16
95
82
91
191
158
42
40
185
40
10 30111
119
68
29
93
235
72
98
46
14
52
11 38241
23
90
213
295
23
423
63
69
51
25
164
28 49510
218
33
22
101
39
129
39
303
88
25
24
17
278
96
69
16
32
182
27
206
48
11
67
34
32
140
15
130
24 45125
49
257
98
25
96
194
267
45
47
12
22
35
37
123
298
179
24
34
63
71
101
65
36
35
4 29683
251
72
54
20
17 33529
118
49
572
65
107
91
32
418
46
78
64
34
192
10
85
153
38
9 35859
61
269
237
693
30
74
61
101
233
7 23542
411
129
121
79
58
10
247
7 39555
122
108
141
29
129
70
70
15 29503
20
81
105
76
212
161
122
10
92
101
208
46
146
67
150
0 28661
8 28389
126
223
302
162
20
247
108
322
33 63438
92
24
114
59
200
41
93
128
109
38
22
26
373
38
102
149
192
93
291
114
151
24
257
52
405
76
104
13
75
52
35
34
154
32 55096
11
13
36
32
69
55
133
19
179
218
91
76
25
18
107
70
69
27
77
17
67
198
69
73
119
206
305
18
84
46
78
49
19 46875
50
25
88
28
320
21
510
284
10
76
25
12
270
54
188
26
48
26
95
14 69089
28
48
63
23
33
25
35
130
70
31
149
343
192
123
22 57313
48
31
50
23
206
148
92
97
26
358
25
74
32
102
65
29
404
150
41
145
23
94
25 46281
290
21
45
36
50
36
28
21
14
71
28
20
42
324
82
109
59
631
11
268
70
184
584
236
64
27 53968
226
77
149
110
89
467
40
31
81
138
103
109
46
243
48
133
89
14
95
25
37
58
30
22
12
79
135
12 38069
58
171
55
83
66
222
82
177
34
13
47
29
1 31133
338
21 55524
25
58
72
58
115
139
164
117
125
97
138
157
118
253
25
89
38
39
97
98
106
9 33793
94
48
21
20
111
115
14
64
36
14 31957
61
39
83
202
95
28
249
115
27
140
237
83
11
95
31 62853
18
199
27
48
79
300
86
202
74
64
106
302
130
758
298
49
273
184
281
420
320
91
182
89
22
438
25
17
17
19
88
1 12341
25
26 68681
59
18
38
25
207
20
105
144
188
77
140
65
69
213
26
36
110
43
178
85
47
173
126
62
124
98
32 71740
194
219
241
43
124
119
231
95
100
1323
12
52
57
102
70
219
33
52
106
38
47
61
16
34
54
32
15
12
40
143
21
66
18 67436
24
70
95
169
96
73
1955
131
424
33
241
157
46
33
153
37
121
16
2 24779
58
32
14 50324
223
478
238
33
800
70
44
510
73
16
27
170
182
133
16 44513
42
132
21
351
69
30
501
350
39
131
162
188
85
31
27
27
31 84029
69
24
70
124
435
227
87
468
136
216
250
174
138
14
431
28
24
533
77
181
32
111
290
20
48
45
38
16
11
87
13
63 100013
73
21
103
15
17
231
67
36
218
47
20
198
24
84
189
192
325
16
42
142
80
292
199
99
32
176
13
255
160
169
195
73
16
25
60
29
33
70
39
125
13
94
48
190
381
95
197
978
44
187
22
475
85
44
104
159
18
17
46
127
228
159
13
34 94306
24
135
155
35
50
68
370
25
150
97
15
51
52
57
59
343
26
75
36
60
98
97
33
37
127
221
145
27
36
46
63
90
34
11
9 31713
225
756
58
119
264
15
19
139
70
14 66489
129
59
65
169
83
51
23
258
52
275
32
55
26
28
21 48690
10
43
57
73
75
100
48
108
123
182
11
81
24
26
35
40
23
19
48
51
67
30 74201
30
67
11
65
372
21
197
95
79
172
21
16
253
35
17
115
47
127
147
168
56
50
214
85
11
310
27
91
54
96
24 43679
231
35
106
10
14
176
118
141
185
54
207
30
102
161
175
192
241
112
81
27
58
68
153
187
12 43954
78
289
93
32
75
217
164
171
55
99
48
11
47 71150
131
203
80
10
16
125
62
92
16
35
25
135
89
166
12
26
38
483
301
41
330
91
41
107
132
46
21
27
442
70
63
156
100
187
104
57
73
163
50
12
234
83
62
69
59
108
193
16 37799
122
499
146
258
81
893
131
52
213
30
159
192
98
501
55
13
37 62183
22
178
113
25
17
116
50
60
86
46
104
79
52
103
42
281
196
193
89
136
32
57
114
203
13
83
18
88
21
67
130
143
74
88
125
65
73
18 57190
37
159
62
13
32
53
78
28
73
106
182
213
53
24
68
97
61
97
2 12889
71
57
7 34895
163
124
276
95
19
29
197
29 58372
203
34
125
703
287
74
145
53
52
15
78
273
86
39
28
196
167
27
13
49
49
61
278
61
11
161
197
15
96
9 29237
263
369
364
60
22
31
48
63
203
29 91297
61
163
65
108
85
11
97
189
318
102
251
257
774
157
270
55
338
41
355
139
123
53
123
72
31
29
58
59
92
7 23686
26
87
60
33
36
198
41
46 78563
75
14
99
28
569
116
22
63
45
12
673
139
160
294
54
111
137
319
45
82
13
40
11
206
81
40
355
30
38
17
130
13
173
153
53
17
54
27
46
10
15
77
25
98
27
24
23 53617
64
139
56
48
134
10
114
61
72
105
33
234
126
380
31
127
21
152
106
87
43
52
87
22 47079
169
190
38
24
486
240
439
166
173
83
215
200
121
324
61
72
76
14
190
211
81
534
5 29984
17
602
74
86
204
16 50277
98
881
380
252
64
128
10
22
20
55
25
467
129
28
16
136
3 15945
16
226
66
32 47273
177
77
29
91
214
153
17
67
38
348
47
249
16
77
89
147
85
232
299
13
184
40
127
150
20
22
19
131
98
123
52
149
22 42735
132
79
209
160
40
323
48
170
19
38
125
42
216
80
229
13
72
94
48
64
47
21
11 36410
11
35
129
470
31
122
86
164
37
94
122
34 52370
33
135
67
153
357
118
131
235
64
379
77
186
87
38
111
13
187
17
26
221
52
32
78
74
46
63
81
43
84
102
36
164
18
39
6 23654
124
381
38
70
54
86
1 12397
21
11 29254
43
10
185
263
501
46
16
89
24
15
178
18 41748
277
28
48
15
198
130
122
144
80
16
386
99
55
149
105
191
136
14
5 11609
29
195
114
244
56
17 45603
74
39
565
297
211
146
206
186
108
253
132
310
102
200
52
180
49
24 48078
61
68
342
131
136
352
21
276
32
45
65
46
72
78
62
125
56
100
64
50
112
56
37
52
27 50110
37
75
77
142
69
105
28
79
172
275
117
110
189
37
77
262
70
63
104
66
38
30
65
17
74
41
44
14 33527
55
29
139
315
297
66
103
266
66
58
28
151
84
17
18 48489
58
60
11
34
112
15
10
31
63
84
13
68
460
138
412
138
34
14
19 49518
46
33
313
288
17
267
207
47
18
75
495
41
14
104
96
16
925
131
11
26 74477
183
143
32
404
246
64
11
105
60
81
131
35
98
427
122
33
111
181
257
70
33
135
128
290
107
76
25 78820
42
157
11
353
219
379
189
35
20
238
13
182
393
453
51
21
54
14
54
25
33
33
42
42
77
9 44965
114
165
21
123
325
97
176
218
106
28 53561
141
512
64
43
331
43
271
37
39
116
42
99
19
200
14
186
158
90
11
303
22
119
55
17
45
105
141
136
36 99903
62
70
52
37
46
13
490
12
38
590
154
230
28
96
223
173
382
114
269
57
282
50
44
679
73
227
884
164
316
464
159
69
116
47
138
33
5 21982
13
11
34
141
34
3 23643
10
132
21
9 35597
108
40
171
63
22
20
191
40
65
2 26868
87
23
17 46945
90
68
174
48
164
307
308
175
221
134
11
10
35
25
161
21
46
7 19415
95
126
316
58
91
65
14
29 49236
32
112
132
22
89
277
214
92
11
333
197
146
188
142
114
64
185
127
439
161
116
47
60
77
38
123
113
41
66
5 46996
73
60
368
21
10
13 37557
232
134
314
45
29
70
109
131
122
83
63
260
54
9 50894
116
208
99
20
73
24
87
72
106
3 28756
146
54
1066
14 23942
12
124
286
136
70
110
590
154
85
32
399
88
61
48
4 30349
60
14
98
240
1 12284
151
2 11409
22
76
