0 51916
0 14727
3 44339
29
45
63
18 54231
14
81
19
53
60
97
65
195
26
30
70
31
22
50
63
28
45
173
16 52140
16
49
135
66
10
48
54
25
26
56
40
77
14
29
19
18
12 69343
35
131
22
66
21
21
36
20
18
34
26
31
15 75927
32
62
60
25
103
52
17
26
49
29
57
62
25
33
411
16 97557
136
32
104
173
55
410
192
74
19
145
104
455
32
33
72
45
21 105593
15
34
13
26
72
24
27
100
13
30
66
29
10
15
53
15
42
81
127
92
32
14 55181
25
11
97
152
35
16
25
12
21
95
114
54
46
112
16 94717
39
30
12
48
55
90
17
20
33
12
104
10
35
27
28
27
8 92853
29
72
27
13
184
18
91
39
5 78887
106
26
40
105
26
3 30049
10
16
16
18 149268
27
10
140
42
138
13
37
12
81
51
237
40
14
181
11
35
29
2194
5 62881
70
84
27
25
19
17 47488
60
18
41
76
121
17
36
14
56
33
43
113
17
195
20
96
89
24 96440
69
25
65
87
95
60
32
84
38
95
20
11
24
59
80
56
59
56
25
53
243
30
81
29
7 69251
28
27
15
22
24
47
10
8 47905
23
28
66
21
26
34
15
33
9 53446
21
47
40
38
119
137
41
13
94
24 170061
70
120
35
27
122
21
189
51
55
19
57
39
11
57
31
51
50
41
21
12
35
59
21
20
3 29493
51
22
20
6 87346
27
30
25
27
66
24
21 122971
40
54
53
19
13
83
31
20
13
35
65
60
52
43
38
55
25
19
48
104
128
3 63037
24
19
60
13 93596
54
12
16
84
46
47
25
144
95
61
40
51
60
28 109782
23
28
20
100
56
122
35
114
21
90
41
41
78
20
97
79
50
103
12
24
25
34
12
102
66
37
111
17
12 60427
58
81
46
26
26
10
34
29
17
33
48
14
22 118683
65
49
10
76
62
123
15
53
41
35
91
185
40
25
138
14
67
20
32
85
83
103
21 98287
57
69
41
74
62
12
13
18
32
32
97
55
146
55
86
43
58
17
19
31
53
6 66583
17
17
48
64
20
439
7 64423
12
68
33
71
100
56
14
24 82635
29
121
22
23
33
10
109
56
11
101
89
59
38
26
213
230
64
94
23
12
29
30
43
73
16 72065
16
13
20
11
35
101
32
33
24
34
180
110
157
26
25
62
0 21693
15 41783
41
49
59
137
184
12
294
13
197
81
21
27
29
88
192
10 61425
24
28
46
169
121
49
121
47
53
101
17 75585
56
16
77
12
14
26
39
114
65
20
43
61
92
19
28
33
16
6 37977
113
133
232
100
75
44
17 90089
15
127
12
36
55
111
26
26
77
50
41
30
24
18
21
35
30
11 57680
36
61
116
10
43
68
42
17
129
20
17
0 18381
13 65252
86
69
85
81
48
11
69
19
11
79
44
129
31
0 10334
11 45946
72
27
21
12
147
37
61
102
24
45
16
24 67608
28
98
13
10
14
13
14
159
75
52
17
19
28
121
29
130
139
18
54
23
14
141
158
46
0 20581
19 52847
112
155
55
16
31
171
16
14
155
25
36
83
10
42
33
171
58
159
35
21 87673
46
81
27
21
32
10
68
15
101
22
44
108
10
117
12
88
52
14
115
87
19
26 76039
12
94
18
93
141
83
14
21
78
16
39
23
57
42
10
70
84
66
35
69
20
64
64
65
54
36
27 90300
11
40
55
19
69
58
111
27
193
20
65
16
157
18
186
28
13
16
55
26
122
28
106
64
105
135
46
13 42360
63
263
61
40
28
35
34
72
10
68
58
117
35
13 71409
14
57
43
22
145
49
100
78
16
144
24
17
33
15 54683
14
61
59
46
33
118
50
38
78
25
113
57
18
29
51
28 57794
40
14
83
101
47
41
71
13
69
43
29
162
11
26
160
19
10
16
53
247
110
17
82
63
220
258
27
54
9 39678
43
30
17
93
159
18
21
123
45
15 87764
20
29
45
12
25
25
41
38
102
17
14
19
77
101
19
35 65829
87
40
92
25
55
25
111
54
14
24
12
26
122
25
58
64
176
41
69
87
114
153
58
20
58
77
14
105
51
93
24
34
22
85
20
24 64059
16
52
92
37
162
10
53
42
67
27
67
59
103
45
15
47
20
117
34
32
43
25
37
13
17 48972
126
29
10
44
35
76
20
17
48
14
60
40
15
35
59
36
14
0 14683
20 63573
112
79
18
39
10
30
18
33
45
53
33
24
11
22
28
68
16
14
34
10
1 21459
275
27 80475
162
119
37
22
20
49
72
76
16
84
24
33
40
41
70
141
126
23
35
15
109
20
56
97
76
72
19
30 64279
925
107
11
33
24
34
13
41
25
20
37
30
100
12
16
21
60
27
18
36
86
132
15
41
56
166
29
225
28
40
4 38858
162
65
185
56
25 52831
171
117
16
15
15
150
19
60
11
43
56
42
63
152
59
25
19
83
30
21
41
23
53
44
14
13 37570
42
95
101
85
288
29
78
51
19
13
29
97
14
9 42950
40
47
34
70
182
12
27
59
355
11 42634
36
152
44
18
24
13
25
78
23
46
105
27 78747
26
46
24
31
16
29
58
121
50
33
225
21
17
44
13
47
25
35
80
22
33
27
15
197
31
77
53
20 53481
34
16
25
75
32
66
87
190
36
18
53
49
37
25
25
17
52
20
23
12
29 89739
94
48
17
16
23
76
33
26
33
37
32
13
56
90
76
260
17
73
16
34
40
30
36
80
27
59
34
37
53
12 77786
32
13
29
21
58
53
51
20
39
18
20
10
7 48010
17
98
53
20
13
43
723
22 37393
33
58
34
30
10
44
17
17
123
11
10
82
84
66
37
46
20
34
27
36
33
25
35 94546
18
35
37
30
26
131
118
107
15
113
44
87
127
54
41
19
57
30
31
13
47
57
56
148
44
21
70
21
28
36
30
49
22
94
51
15 64075
120
72
174
17
99
10
33
34
21
20
26
12
15
14
34
19 67384
39
24
14
72
55
122
83
40
81
177
19
13
206
49
45
560
367
17
202
1 12408
115
9 43267
46
70
42
32
24
31
22
91
50
20 63303
12
22
43
96
25
18
21
89
26
45
21
21
130
23
30
74
132
62
45
116
16 72814
33
164
13
19
55
13
14
32
14
155
62
11
124
17
29
20
10 97053
30
99
25
26
59
16
33
47
227
12
15 80530
19
21
13
14
27
10
14
53
22
155
15
17
7856
50
39
20 56908
53
44
122
15
195
231
38
42
51
29
34
30
39
11
43
21
40
105
73
53
33 120378
187
70
30
59
42
49
20
56
19
77
18
54
60
102
81
55
21
29
26
49
45
28
32
127
50
33
100
334
46
16
88
35
25
26 82536
47
76
57
14
28
23
43
11
263
83
46
40
43
311
15
117
112
32
47
29
201
36
20
95
69
30
0 17300
22 60635
45
55
21
34
50
22
22
85
63
15
22
62
92
40
53
35
57
88
31
19
42
45
24 79863
59
221
111
37
333
26
10
114
40
35
42
78
22
63
37
81
38
17
37
57
21
13
83
31
8 56652
85
10
64
173
210
13
21
22
23 83965
38
161
62
163
36
15
19
160
14
92
32
45
75
45
24
52
26
30
25
60
32
12
51
8 58371
101
89
49
26
14
56
10
94
3 22159
42
19
11
26 112259
52
20
20
120
67
27
75
59
20
26
32
27
21
55
52
41
63
115
41
20
12
20
44
245
49
46
10 48194
25
11
129
14
72
12
35
12
141
12
14 47905
14
36
41
79
135
17
67
20
105
12
62
52
235
19
7 61787
13
47
86
43
25
41
62
7 55358
60
94
28
43
104
10
45
13 79972
53
73
41
111
47
29
31
36
50
46
26
63
91
11 67653
63
117
25
13
13
97
27
18
38
41
57
5 53087
153
25
201
23
14
4 27040
20
18
15
160
1 35115
44
6 36163
33
99
85
33
14
15
