0 24647
7 53115
11
27
24
51
19
61
18
16 78967
95
161
113
76
110
55
15
440
237
15
77
19
113
33
173
13
0 37452
3 21691
24
36
44
16 87091
71
213
105
55
21
30
26
16
13
11
36
12
48
31
20
15
10 66017
71
40
31
15
107
118
124
62
17
16
0 13669
22 98716
187
21
38
86
152
127
82
21
124
14
16
47
92
46
38
105
31
20
26
19
14
11
2 25323
44
21
13 81235
10
12
87
26
80
25
235
14
70
10
81
55
43
7 65973
19
14
11
42
15
53
197
13 63002
17
18
94
90
365
14
76
27
46
70
80
25
12
26 84468
13
15
34
20
123
14
33
145
35
62
133
16
19
54
32
13
72
60
66
57
17
121
27
78
11
41
15 56199
60
80
35
32
71
30
40
295
69
55
14
32
85
38
14
16 76314
14
31
190
51
108
67
68
91
17
64
65
40
61
20
96
24
24 100859
11
23
43
28
49
72
34
104
34
11
13
132
16
25
35
46
14
135
12
59
102
47
67
38
8 35382
49
12
18
16
13
38
64
23
12 96924
125
40
57
157
18
121
44
125
28
35
64
13
0 16714
34 85613
46
146
74
12
180
36
59
12
162
70
79
32
49
12
42
26
13
114
50
34
15
190
37
38
20
17
60
105
47
148
111
83
32
96
25 87467
16
10
164
68
20
57
80
112
61
49
30
51
12
25
48
108
21
34
55
33
66
74
85
31
67
20 95281
104
86
98
35
71
37
78
26
179
45
181
94
32
165
37
73
121
261
86
66
9 47936
53
205
52
21
103
19
46
16
11
24 74275
33
49
35
22
49
51
43
36
59
36
88
195
69
11
24
63
36
121
16
80
220
10
26
34
20 54386
10
52
186
13
47
41
40
33
89
10
32
18
22
32
42
18
19
92
86
37
33 144954
84
56
97
42
68
100
110
37
48
296
12
64
212
51
158
110
10
30
148
55
181
20
60
18
29
68
27
39
83
123
15
18
18
51 95557
59
83
18
26
64
65
33
19
38
13
17
12
13
149
17
59
98
38
10
33
40
62
14
45
133
89
10
51
53
23
109
11
153
58
22
129
21
261
68
38
113
10
22
17
139
11
24
78
78
61
18
19 70528
77
81
100
17
15
275
16
19
330
24
21
63
60
185
241
24
56
38
58
6 27396
24
50
15
35
87
31
26 91742
41
32
94
51
189
32
349
49
24
35
307
172
14
52
26
164
95
80
35
105
120
38
104
252
47
80
9 64357
21
302
56
72
184
44
27
35
21
17 48389
31
35
46
92
33
72
213
55
114
173
249
25
15
48
10
34
15
18 67370
12
260
172
131
43
91
20
18
50
12
30
167
24
87
99
60
24
22
1 24364
65
16 60012
14
28
87
98
25
31
17
55
50
10
18
221
142
27
69
53
14 102144
126
18
94
84
111
114
36
26
29
77
18
43
20
53
35 138614
23
45
47
49
52
112
43
22
19
100
50
24
151
38
157
189
110
16
207
30
147
85
149
118
44
90
21
135
27
17
159
28
26
38
256
17 74341
56
239
392
55
41
192
99
35
225
18
139
237
98
15
12
63
45
19 86348
38
37
87
59
15
133
21
39
110
23
30
26
52
199
41
30
108
20
36
23 83873
10
23
27
48
32
46
413
157
19
33
51
18
43
36
59
69
87
24
60
32
136
46
32
9 52885
39
155
12
62
226
27
106
15
51
16 87794
240
182
53
27
97
27
21
32
17
41
10
104
59
109
102
28
21 66227
20
61
17
95
33
42
16
35
24
20
131
52
27
87
17
20
22
21
117
26
52
30 68232
22
35
109
21
28
13
182
36
35
49
33
29
155
21
73
37
29
94
41
68
13
176
98
36
20
30
24
28
52
47
17 93785
43
116
130
63
49
19
44
320
66
32
14
18
26
34
16
17
24
20 98311
63
35
190
77
65
43
182
42
69
64
20
29
26
143
111
34
52
30
14
22
19 90001
57
34
19
95
31
17
32
28
41
32
28
28
16
83
24
45
60
65
60
21 77294
125
106
113
78
60
36
32
160
36
32
48
113
135
246
55
43
51
60
188
15
30
2 19428
53
60
16 55164
47
112
15
121
53
19
24
59
13
14
47
76
23
25
49
89
33 85272
11
32
32
42
22
46
33
45
26
41
15
143
15
210
36
80
48
45
58
19
19
140
20
89
26
67
40
57
53
18
89
105
48
10 48850
27
63
64
77
52
13
11
11
37
17
22 65445
96
30
27
25
44
26
61
54
14
10
39
66
46
38
77
23
49
31
50
42
39
54
20 95916
65
10
146
56
48
112
20
20
72
15
62
45
36
67
55
11
94
81
28
50
12 59147
12
26
25
108
35
31
25
58
74
137
164
83
13 85866
289
181
32
46
59
80
19
16
14
81
40
27
35
6 51885
58
10
51
61
52
88
18 88712
68
133
58
152
13
28
113
38
14
49
57
115
12
157
63
30
59
12
17 81267
33
202
44
14
22
59
117
58
40
34
36
119
74
70
47
94
48
2 71247
236
116
14 53518
148
28
106
58
22
13
10
21
23
39
28
10
20
19
33 83437
84
17
124
12
39
92
51
48
71
84
27
59
16
81
27
22
170
23
44
10
48
54
32
119
18
62
54
197
13
25
44
24
21
12 58029
49
34
254
16
74
46
31
38
25
16
131
46
8 51982
37
21
33
112
10
12
107
130
0 42582
21 90326
55
29
35
33
205
42
18
123
12
10
31
81
40
35
29
64
39
39
57
31
23
23 102608
16
52
83
36
115
12
145
31
340
79
186
88
47
42
32
19
32
157
47
40
112
77
78
23 91892
36
54
20
67
71
142
41
76
13
149
201
164
128
29
21
164
13
237
12
53
20
50
60
24 65187
10
45
52
192
12
115
67
132
11
18
10
230
22
19
156
49
133
73
125
20
72
56
17
200
14 111638
15
92
90
68
53
32
27
32
33
133
29
63
38
38
15 95587
51
10
175
35
32
46
27
62
18
265
20
21
30
72
49
3 26316
72
236
144
0 20247
25 100286
11
26
108
38
60
38
42
46
30
38
66
26
11
210
67
67
131
17
17
86
123
95
12
34
29
0 12288
0 22409
3 48839
30
22
22
16 80484
99
35
24
30
55
21
193
140
13
42
35
285
71
16
48
77
5 46606
67
124
49
28
80
16 68804
16
76
56
108
219
82
73
197
76
112
21
24
44
27
22
12
11 59022
30
96
38
158
57
46
75
35
25
14
148
20 52640
51
80
118
174
40
81
108
80
57
200
13
132
39
38
46
52
61
160
112
67
4 24695
94
147
124
16
2 36269
84
36
8 65742
19
48
10
106
40
85
61
259
24 77712
26
144
18
25
50
83
21
57
32
43
48
102
85
288
215
49
36
131
24
14
58
54
21
152
13 75402
129
75
51
11
66
1756
48
53
26
35
33
32
34
22 77607
108
45
199
40
67
72
48
49
60
136
243
24
49
43
123
18
639
66
53
126
19
31
22 86562
58
12
36
80
38
162
32
163
307
19
14
137
77
29
18
37
19
238
73
50
94
24
9 57518
19
34
180
31
62
20
41
43
68
22 89315
43
33
19
27
67
20
91
103
165
108
67
30
93
85
134
61
110
38
26
18
24
31
17 50377
25
82
36
33
105
63
21
21
29
23
34
26
57
19
180
17
32
29 102476
137
76
32
48
47
29
37
130
136
32
80
16
70
159
16
13
35
85
35
174
23
12
51
83
45
61
107
54
247
15 71469
91
36
129
23
52
36
27
13
59
21
36
35
37
41
41
21 77105
50
57
108
107
79
101
85
40
72
228
10
240
112
40
76
20
36
48
53
64
48
4 55569
28
49
20
61
22 57457
54
40
79
15
45
40
31
71
37
117
64
62
128
180
27
10
11
243
100
43
101
87
26 73849
34
186
32
86
32
43
63
50
163
64
28
63
38
49
14
39
21
72
67
28
133
94
212
52
74
129
8 20434
63
262
88
12
21
32
32
57
13 26273
97
53
77
129
31
44
30
32
83
30
126
13
50
22 67714
23
13
24
65
17
31
32
173
18
154
30
10
23
179
63
132
32
71
96
114
63
18
4 25879
35
111
39
13
9 47274
45
79
174
40
58
55
202
231
86
3 40206
37
119
98
4 29912
51
76
27
13
7 29191
29
21
187
110
39
58
183
1 24793
22
0 15285
