0 23169
0 10542
0 25122
0 24403
2 95998
90
78
3 27243
248
16
633
1 17759
52
1 21633
10
0 32725
0 28123
0 24971
1 38190
12
0 54877
0 32907
0 21717
0 39905
0 31760
0 20165
0 19174
1 40335
77
0 46863
4 61649
133
42
73
270
2 59950
58
22
0 50893
3 55842
27
18
11
0 26947
0 15526
0 51328
3 94755
26
120
40
0 52012
0 71395
0 51275
1 18845
266
0 23739
2 31024
515
13
0 77709
1 32000
35
0 18477
0 47537
0 24214
1 46804
33
3 60024
12
128
90
1 92685
426
1 35132
88
0 30788
0 25363
1 66236
15
0 47584
5 43479
129
26
16
47
39
0 31447
3 111785
45
73
115
0 46110
0 43979
4 42585
14
179
28
14
1 56777
42
0 30961
0 24561
0 46173
1 33074
16
0 15740
2 70735
36
74
1 47005
144
1 57749
40
4 73999
63
25
96
37
0 32979
1 39761
51
1 78812
16
1 63452
108
1 32227
111
1 34426
54
3 48721
30
45
44
3 47100
22
18
31
0 21485
3 37914
30
22
22
5 67601
78
59
51
25
15
0 30536
0 55751
6 45569
40
26
18
32
11
26
0 26433
0 43746
8 49008
103
13
13
657
146
21
98
54
3 66959
47
11
17
0 33999
5 58747
47
39
64
229
21
0 67469
6 79497
14
33
42
84
17
13
1 15114
60
0 46075
2 80016
30
69
3 48675
62
308
16
3 53753
42
16
15
2 37482
50
21
1 34688
179
1 33052
17
4 46944
38
33
59
45
3 47675
319
39
23
2 67043
17
11
2 58382
20
28
0 36230
0 55553
2 33951
67
20
2 44474
75
219
1 63415
56
1 57889
361
0 44330
1 40843
26
0 24808
4 84767
13
33
31
14
2 37814
11
55
6 49407
82
13
634
555
22
80
0 36767
4 47766
29
14
41
13
1 72489
11
1 77576
13
5 42960
10
15
70
103
53
0 18153
0 23379
2 45168
102
103
1 36917
37
5 24693
45
48
25
101
37
0 36618
2 56041
125
11
1 58937
11
0 45232
1 36939
12
0 31505
0 39297
0 23919
3 37036
15
51
96
0 17651
2 62348
100
16
0 40020
0 24132
2 42564
29
85
1 40252
183
1 47187
36
0 18840
1 65259
45
1 84905
36
1 17871
15
2 89527
16
194
3 43082
21
11
33
0 37626
0 38922
0 11042
0 36110
2 46281
91
33
0 57045
0 34921
0 12582
0 38429
3 51451
13
10
23
18 48255
41
66
14
21
12
38
63
78
373
116
136
138
23
14
16
16
19
18
0 33117
8 33563
17
38
27
60
44
27
35
12
4 44751
10
47
116
80
1 33525
49
0 41788
0 27979
