1 58712
48
3 41989
22
143
32
0 41468
1 80627
67
1 34206
29
5 69582
12
13
89
16
36
0 40142
0 16566
0 25312
0 38227
0 25539
1 58501
75
0 55253
2 108213
14
48
1 17750
12
3 117925
49
18
16
1 78050
15
0 71532
0 52609
0 25840
0 19280
0 14098
0 92890
0 104912
1 41084
32
0 31990
2 86683
19
37
1 48711
14
0 71506
2 34793
16
93
0 76772
2 37410
123
120
0 55656
0 18402
2 85124
87
1314
0 64749
2 85494
103
10
1 73806
31
3 47151
29
48
139
7 104723
17
107
185
22
123
10
29
0 42936
1 69490
51
2 63925
43
52
0 22343
0 62574
5 89546
52
34
91
72
27
0 70314
0 85720
1 77554
114
0 79816
1 42562
100
0 78668
5 81318
146
386
82
431
632
1 51679
33
0 76062
0 44444
0 57490
1 59528
20
2 92147
17
25
0 37181
1 66732
17
1 61988
131
3 111203
221
187
13
1 85098
53
1 69689
76
2 99688
77
43
4 104375
31
1623
28
50
1 26076
115
0 36461
0 29319
2 74372
43
43
1 34619
246
4 72651
10
37
28
211
2 71463
15
11
0 37837
6 81417
40
23
12
14
32
44
0 19126
2 103294
53
130
0 19798
0 37551
4 73949
12
99
47
54
2 53038
137
361
4 73793
29
13
190
19
0 46998
6 96105
16
10
227
12
15
24
0 61405
0 39054
1 28448
408
0 87990
0 41211
0 13459
0 24695
