1 41478
166
0 21794
3 58232
56
23
15
1 49537
16
3 43936
97
55
96
0 22574
0 38658
0 19518
0 28397
3 99473
175
18
15
0 28675
1 55809
45
2 101281
47
73
1 55789
24
0 54713
1 59755
13
4 67370
17
30
45
56
0 25079
0 40169
0 68508
0 31866
3 20385
21
453
32
2 55195
27
50
1 51351
29
2 67500
121
28
1 88541
33
1 73658
71
0 67551
1 104524
129
1 108120
21
2 76344
655
447
2 68037
65
40
3 71943
14
237
29
11 97336
48
38
126
44
36
25
36
507
122
92
11
4 62057
101
13
810
543
2 58635
120
65
1 70427
55
1 57354
46
12 114626
49
169
103
22
31
65
21
97
45
20
872
27
2 102101
287
62
2 69114
57
815
1 59328
128
0 79821
1 54057
89
3 85524
230
27
36
8 104868
337
330
13
22
301
42
22
44
1 73585
57
1 77223
59
5 54566
18
14
176
33
71
3 75117
36
138
46
0 69106
0 50189
4 75443
785
25
22
32
1 72033
91
2 33551
70
20
4 62181
25
51
22
102
8 61191
130
44
11
24
145
28
10
16
4 67136
54
52
167
47
4 48117
131
199
54
51
0 21840
1 52198
64
6 62030
17
10
10
43
11
179
0 70417
4 36073
45
134
33
75
0 39223
3 96105
42
21
37
0 63502
0 71367
0 58616
1 72397
31
1 58723
56
2 99170
73
40
5 70756
53
116
15
17
192
4 72796
126
35
50
11
0 34303
0 38100
1 94370
41
0 28582
1 84297
17
4 60625
22
67
344
183
1 40783
28
4 79385
1096
161
119
481
0 92451
7 100587
67
40
72
256
560
37
56
2 28529
39
47
0 15862
1 123760
45
0 11922
1 87530
12
2 107109
180
46
4 71586
173
638
101
555
0 22740
1 33376
60
0 17799
0 19355
0 22062
